0.113703411305323
0.622299404814839
0.609274732880294
0.623379441676661
0.860915383556858
0.640310605289415
0.0094957563560456
0.232550506014377
0.666083758231252
0.514251141343266
0.693591291783378
0.544974835589528
0.282733583590016
0.923433484276757
0.292315840255469
0.837295628152788
0.286223284667358
0.266820780001581
0.186722789658234
0.232225910527632
0.316612454829738
0.302693370729685
0.159046002896503
0.0399959180504084
0.218799541005865
0.810598552459851
0.525697546778247
0.914658166002482
0.83134504687041
0.045770263299346
0.456091482425109
0.265186671866104
0.304672203026712
0.50730687007308
0.181096208281815
0.759670635452494
0.201248037628829
0.25880981865339
0.992150417529047
0.807352340314537
0.553333590738475
0.646406094077975
0.311824307078496
0.621819198131561
0.329770175740123
0.501997472951189
0.677094527287409
0.484991239150986
0.243928827345371
0.765459787566215
0.0737798800691962
0.309686601860449
0.71727174334228
0.504545912146568
0.152998958947137
0.503933488158509
0.493960923049599
0.751200197031721
0.174649823922664
0.848392410436645
0.86483383201994
0.0418572751805186
0.317182155326009
0.0137499391566962
0.239025726681575
0.706494617275894
0.308094757143408
0.508547565666959
0.0516466193366796
0.564569839974865
0.121480187168345
0.892836381681263
0.0146272557321936
0.783121103653684
0.0899613329675049
0.519189980812371
0.384266687557101
0.0700524973217398
0.32064442220144
0.668495397083461
0.926400476368144
0.471909721149132
0.142615343211219
0.544269755017012
0.196174651850015
0.89858048921451
0.389499784680083
0.310870779678226
0.160028662998229
0.896185849560425
0.16639378038235
0.900424596155062
0.134078195085749
0.131614134181291
0.105287502519786
0.511583581101149
0.300199053948745
0.0267168954014778
0.309647431364283
0.74211965710856
0.0354567270260304
0.5650761120487
0.280257776146755
0.204196316422895
0.133738898672163
0.325681924354285
0.155061969533563
0.129962139530107
0.435531059745699
0.0386426525656134
0.713301562936977
0.100769041106105
0.950304938480258
0.121817762730643
0.219656620873138
0.913087766850367
0.945853121113032
0.279156222939491
0.123471087776124
0.797160459449515
0.7442772150971
0.915974223753437
0.994598245015368
0.942360715009272
0.486135407583788
0.28345954278484
0.251545701175928
0.503255170769989
0.49696617317386
0.318445809651166
0.962222826899961
0.634099368238822
0.127433398040012
0.423046993790194
0.914316909620538
0.467792333336547
0.908169145463035
0.597743283724412
0.631742815952748
0.869158318731934
0.502749822568148
0.983635114738718
0.324386027408764
0.481374948518351
0.356987077509984
0.627477684058249
0.741600190522149
0.565966817317531
0.980786506552249
0.576812735525891
0.439042051788419
0.228599695023149
0.0821580656338483
0.850264921784401
0.234661261551082
0.988167446805164
0.601897545857355
0.998740808106959
0.37559937662445
0.555126630933955
0.429443962872028
0.575877780793235
0.432507397374138
0.224845763994381
0.0849847376812249
0.637298259651288
0.431016370421275
0.072716093622148
0.802402019267902
0.325278303353116
0.757289035012946
0.584271517349407
0.708839406725019
0.426975766429678
0.343572702025995
0.759119985159487
0.424030208028853
0.560887253843248
0.116135774413124
0.303021797677502
0.478802685858682
0.344830546760932
0.600714140105993
0.0760833232197911
0.955992611125112
0.0222068231087178
0.841710632434115
0.632442448753864
0.310094165150076
0.742569366237149
0.638911313610151
0.992515987250954
0.128269788343459
0.883239577757195
0.810083387885243
0.821851178305224
0.834702662425116
0.732732220552862
0.983044024324045
0.639204582665116
0.660754634300247
0.528359377989545
0.317493821494281
0.76785546913743
0.526308492524549
0.732301884330809
0.307665740605444
0.404173251241446
0.204402445349842
0.98563308827579
0.566310757072642
0.280375145142898
0.185055723180994
0.758061396190897
0.566781281260774
0.932173571083695
0.638693316373974
0.700748134404421
0.479222468566149
0.850311916321516
0.422330675413832
0.0313921230845153
0.258146648295224
0.334844734752551
0.133549668593332
0.499546385370195
0.802135632839054
0.337153243133798
0.508920615306124
0.494438561843708
0.797052904032171
0.566958895418793
0.10669681802392
0.807648445246741
0.567112070973963
0.21224092785269
0.749579254770651
0.307218350004405
0.489518443355337
0.989709892775863
0.424109178129584
0.244403004646301
0.217134714825079
0.689117506612092
0.980212708702311
0.477033039322123
0.773523621959612
0.574312944663689
0.965939700603485
0.796923840884119
0.53190508717671
0.596623761113733
0.263886473607272
0.279542708769441
0.0651032442692667
0.563081346452236
0.262355682207271
0.00328233116306365
0.589516543550417
0.5200511647854
0.844634734792635
0.0295568136498332
0.599769349209964
0.268419769592583
0.120608904398978
0.100705461576581
0.748161140363663
0.015960629330948
0.0494611456524581
0.747623786097392
0.357237663818523
0.758958196034655
0.375956342555583
0.7994627088774
0.0256927656009793
0.506358550162986
0.821228646440431
0.544756576186046
0.266684454400092
0.344637322006747
0.369175952859223
0.429252084577456
0.91851437324658
0.784344815416262
0.737831532256678
0.280772623838857
0.456826628185809
0.287537641590461
0.696291067637503
0.820756298257038
0.655153531581163
0.413504677359015
0.95182941458188
0.243109460221604
0.608685026643798
0.757951468927786
0.693667361745611
0.115427796263248
0.635911664459854
0.309025368420407
0.352998502086848
0.980958316242322
0.538882763590664
0.444033863022923
0.949366777669638
0.452483371365815
0.190625803545117
0.991609149612486
0.548455447657034
0.768815767019987
0.913421672768891
0.682112002046779
0.407251420430839
0.40759229939431
0.14608279033564
0.196667714044452
0.192209339467809
0.408414400648326
0.348221306223422
0.834542848402634
0.198400007095188
0.861805309541523
0.397185310255736
0.153253766940907
0.339283383218572
0.367180439643562
0.427379082888365
0.186336904298514
0.658016600413248
0.920411381172016
0.733894062694162
0.882319271564484
0.953346531139687
0.194901535054669
0.472616735380143
0.386050655972213
0.374165857210755
0.0278556565754116
0.929355211788788
0.410529275657609
0.95584021601826
0.272152840159833
0.517246493836865
0.978309842292219
0.369696486275643
0.310430439189076
0.0342096325475723
0.667565847514197
0.920916376868263
0.0449895979836583
0.201132631860673
0.743514884263277
0.130556831136346
0.708883593790233
0.998831811361015
0.943913046037778
0.592903899028897
0.731295636389405
0.486734175588936
0.76815199595876
0.00314546236768365
0.557941298233345
0.460255289217457
0.329715145053342
0.835475627332926
0.977701663039625
0.660514947259799
0.233574859565124
0.819200420286506
0.724684895016253
0.976357153151184
0.26511302869767
0.878820042591542
0.487889212323353
0.3054682854563
0.395096998894587
0.759339716052637
0.10080164228566
0.421359690371901
0.657764247618616
0.29526409204118
0.205986499786377
0.00214671180583537
0.10784267866984
0.214867021888494
0.115153673803434
0.687159431632608
0.193272230215371
0.984921893337741
0.94703797576949
0.6917069691699
0.739891943521798
0.732440298423171
0.652598443906754
0.167046306887642
0.923180858138949
0.564604845829308
0.536495635285974
0.0188437472097576
0.366399627644569
0.686242274474353
0.416628723265603
0.757026246283203
0.775794867891818
0.5735870199278
0.188698792597279
0.758265333948657
0.0926830929238349
0.62235852656886
0.415913201635703
0.776510870549828
0.807802801951766
0.967296320246533
0.215903251199052
0.867008910980076
0.416918028378859
0.513028715969995
0.774937320500612
0.132543317740783
0.411907642148435
0.662047573365271
0.90771976695396
0.344491637311876
0.105243064230308
0.932345921872184
0.199933272786438
0.0540183072444052
0.425840075826272
0.338795819785446
0.275601302739233
0.663490542210639
0.783896096982062
0.439697366673499
0.930323867592961
0.272207205649465
0.65902902930975
0.380289294058457
0.935390777420253
0.735500929877162
0.590090453391895
0.814652414759621
0.882408829638734
0.745441308710724
0.50179156078957
0.988501473329961
0.555268050869927
0.879701833007857
0.630439263768494
0.613215531921014
0.0336092996876687
0.254700685618445
0.775968801230192
0.998245000839233
0.960118401562795
0.750928813591599
0.680503861047328
0.246886454056948
0.60656297695823
0.573970563476905
0.0495949082542211
0.372820144984871
0.894768048776314
0.391771745635197
0.516945270588621
0.1752800764516
0.192605463555083
0.546508695697412
0.393120838794857
0.625197496730834
0.572204772615805
0.140619070501998
0.289271669229493
0.000612155767157674
0.955363717162982
0.399409950012341
0.977053545415401
0.511774198850617
0.467161188600585
0.723835493670776
0.142073553055525
0.523577779298648
0.560421120142564
0.660342805786058
0.372265701880679
0.136151993181556
0.0738809260074049
0.761512180091813
0.702794912969694
0.763895261799917
0.157056258292869
0.599344606511295
0.76334178680554
0.912652988219634
0.308020849712193
0.657065875362605
0.337804629001766
0.604250381933525
0.0839550187811255
0.605667235562578
0.595911026466638
0.668919149320573
0.801043295999989
0.855455885408446
0.0501399100758135
0.674434085376561
0.845893298275769
0.746398317627609
0.829564403975382
0.127900125924498
0.794108438072726
0.355505913263187
0.948081671260297
0.930158105911687
0.592444549081847
0.110494264168665
0.783835467882454
0.601822940865532
0.0882744200062007
0.657262275693938
0.332080936990678
0.83541903202422
0.247773326234892
0.363590922905132
0.924648633692414
0.563018007902429
0.806865357561037
0.0389287404250354
0.0398254375904799
0.632542968960479
0.239086773013696
0.252525002229959
0.624624500051141
0.405689801089466
0.798473073169589
0.11746294121258
0.994497281499207
0.649857328273356
0.655610931338742
0.747479623649269
0.514273212524131
0.380330116488039
0.611308270366862
0.966000321088359
0.21585866715759
0.748749363003299
0.432375634787604
0.828596238978207
0.883340519620106
0.979788635624573
0.914000726537779
0.257486580172554
0.223447817843407
0.790632918011397
0.165094808908179
0.838075859472156
0.971920439042151
0.497538225958124
0.0398080488666892
0.625156595837325
0.830385908484459
0.155811606906354
0.990203751251101
0.680882337037474
0.864697935990989
0.241660761879757
0.862579097272828
0.792086672969162
0.612324766581878
0.208559165010229
0.0594121273607016
0.625287438277155
0.803931364556774
0.198630623053759
0.665650123497471
0.402932779630646
0.386962686665356
0.0602284134365618
0.420280411839485
0.551097250776365
0.816075718728825
0.837796839419752
0.0120980634819716
0.572698096744716
0.301640862133354
0.0386787028983235
0.358332911040634
0.267453235108405
0.974023738177493
0.95114344637841
0.616060614120215
0.96483700745739
0.878034516237676
0.119990001665428
0.596257863333449
0.35692018806003
0.674886464141309
0.638190202182159
0.696867019170895
0.625195974484086
0.122222088975832
0.280971814412624
0.174188155448064
0.170224437257275
0.560543633531779
0.428800591500476
0.389186766697094
0.843706412473693
0.208790705772117
0.509424779564142
0.394965330371633
0.258160064229742
0.802961438428611
0.306999218650162
0.078130338806659
0.94677873654291
0.378668481251225
0.327452036784962
0.664826859487221
0.777321008499712
0.484121621353552
0.92945157084614
0.0498878443613648
0.671357563696802
0.825511928880587
0.336614019004628
0.931520591722801
0.484045909019187
0.946046996861696
0.311260715825483
0.599051870172843
0.890223412774503
0.607363547198474
0.440558422124013
0.560059625655413
0.939427243778482
0.834511601366103
0.28719001612626
0.843560081208125
0.258778030052781
0.339337832294405
0.556907097110525
0.187876048730686
0.509648928185925
0.92707328312099
0.30697205895558
0.35628693853505
0.056893668603152
0.884731559082866
0.511992958607152
0.804711872478947
0.236817660043016
0.686835337430239
0.860509430756792
0.450152934761718
0.170374733395875
0.508696324657649
0.870019381865859
0.0333066214807332
0.258155280491337
0.937086280435324
0.615036381641403
0.949518987908959
0.815594490151852
0.0493154514115304
0.301970208529383
0.51204260927625
0.710360624128953
0.284653092501685
0.464948796899989
0.729388980660588
0.128143051173538
0.934295349521562
0.393549503292888
0.24912412208505
0.947361285798252
0.841652544680983
0.415222379146144
0.891695996746421
0.206740704830736
0.950198708334938
0.47845845296979
0.110277017112821
0.629353522555903
0.293496414786205
0.830293221166357
0.327966435579583
0.873679867712781
0.0276332614012063
0.540035196114331
0.478940142551437
0.877904515480623
0.486828847555444
0.222356176935136
0.509144904790446
0.0095259693916887
0.0884908563457429
0.31857638573274
0.545306423446164
0.302977668354288
0.739883857546374
0.0102781467139721
0.598638728493825
0.713102679699659
0.465993168530986
0.216586031485349
0.116427252069116
0.410579717950895
0.639185568783432
0.0562446604017168
0.568315657554194
0.707990671508014
0.975793692516163
0.970702975988388
0.116915714694187
0.189950942061841
0.186920192558318
0.455190136563033
0.203899753047153
0.974335149629042
0.0994084384292364
0.824800677830353
0.10102623119019
0.972129777306691
0.00536280311644077
0.497911920072511
0.985662204911932
0.439490920398384
0.343595787882805
0.305154766887426
0.98665275122039
0.924295699223876
0.0122110261581838
0.0992497059050947
0.541119189932942
0.620697890175506
0.793612365145236
0.481528183445334
0.807174509624019
0.987833857536316
0.92757500265725
0.271582554560155
0.0987931857816875
0.0656125834211707
0.187325199367478
0.591976328520104
0.000863085733726621
0.484186599962413
0.655397702241316
0.20069956430234
0.664502662839368
0.552622966468334
0.744122574105859
0.39145655464381
0.835653555812314
0.248645400162786
0.886082396609709
0.691756698070094
0.916565545834601
0.370072129415348
0.6150684626773
0.0332543079275638
0.647654843516648
0.00400389079004526
0.577345076948404
0.280761043075472
0.610529349651188
0.927052745595574
0.573214962612838
0.799020983045921
0.300497819436714
0.887827168684453
0.85505527141504
0.837074551032856
0.0721003955695778
0.623909188201651
0.510735895019025
0.0658973010722548
0.224147025262937
0.581436513690278
0.36222240771167
0.944892569212243
0.0565309482626617
0.000341812614351511
0.289980886038393
0.217297658324242
0.688574178377166
0.864870145451277
0.0298377263825387
0.701508827740327
0.166742393514141
0.785059239948168
0.145853203721344
0.676200233865529
0.520272383699194
0.704998996807262
0.264538009185344
0.505841551115736
0.822339297737926
0.179705197922885
0.864646499045193
0.109946044161916
0.871436789631844
0.514419768704101
0.285698822000995
0.33673402108252
0.569652014644817
0.184229292208329
0.439371470361948
0.661822180729359
0.420338617870584
0.56097621913068
0.195623653009534
0.92830502637662
0.673574196873233
0.131037017097697
0.376886585494503
0.302303067874163
0.805257694330066
0.470128402113914
0.441445995587856
0.079596618656069
0.37353532994166
0.387934747617692
0.390294614247978
0.239419480320066
0.789585664169863
0.0158712207339704
0.398760054958984
0.388267587404698
0.457780159078538
0.296645798254758
0.803237528074533
0.871395008871332
0.944575613364577
0.272898908704519
0.675439207116142
0.711411032592878
0.201657166006044
0.556708517484367
0.623513345140964
0.108069493435323
0.584840167779475
0.645851398352534
0.188579073408619
0.457757004071027
0.917487530270591
0.565945909824222
0.942231292603537
0.74474212853238
0.716767146252096
0.545366402249783
0.976736281067133
0.943534911843017
0.176526735536754
0.54599676374346
0.644861060893163
0.104921181453392
0.0382077270187438
0.77091536601074
0.957311141537502
0.110683427657932
0.402247478719801
0.0274988687597215
0.414388759993017
0.208988368278369
0.918075670721009
0.228233433328569
0.981930832378566
0.271757604321465
0.53153673093766
0.945946435909718
0.904914017068222
0.949038276448846
0.301021812716499
0.766108538024127
0.189389806473628
0.101360968546942
0.0859864307567477
0.509233312215656
0.577651120955124
0.686913793440908
0.251567298080772
0.445504526374862
0.54123102943413
0.56818118179217
0.930421034106985
0.172382052289322
0.0392490569502115
0.098939084680751
0.0155072559136897
0.920399773633108
0.746445894241333
0.605408891104162
0.377696092240512
0.341490880586207
0.32753956108354
0.627512093167752
0.632966119563207
0.980419010156766
0.869424937991425
0.641573159489781
0.409524286398664
0.920937330694869
0.451421943958849
0.914272624533623
0.0263550884556025
0.341939308447763
0.256077501457185
0.777131624985486
0.296054621227086
0.257458430016413
0.471335896290839
0.0702871463727206
0.226595516782254
0.114746522158384
0.0799787233117968
0.440887099364772
0.982425559079275
0.963837145827711
0.797595503274351
0.541736203478649
0.455775707028806
0.211034197360277
0.230638948036358
0.591099796351045
0.258238051319495
0.757403647759929
0.551546069327742
0.0976253275293857
0.150506395613775
0.145785794593394
0.9905682108365
0.0260923174209893
0.606734346365556
0.10212059924379
0.509425601921976
0.187421345617622
0.507221891079098
0.385175514733419
0.588665327057242
0.920744045404717
0.583557926118374
0.812902086880058
0.767533047590405
0.607563518919051
0.53378230961971
0.28547889739275
0.12418847065419
0.483964074403048
0.367356792325154
0.708020904567093
0.951568570220843
0.307118979981169
0.820725074736401
0.855216085212305
0.0459401197731495
0.863778416300192
0.47614038689062
0.121705234283581
0.655895690433681
0.227558549959213
0.460189920850098
0.886233607539907
0.793329013511539
0.0457805441692472
0.0677916221320629
0.66265130485408
0.228873497107998
0.592312935506925
0.330171705456451
0.999303025426343
0.708791807526723
0.00316978851333261
0.769733962137252
0.200231168651953
0.689499255269766
0.749853459652513
0.238327119033784
0.952966777840629
0.584783274913207
0.799458067631349
0.934602502500638
0.0765929217450321
0.663601629901677
0.987434667302296
0.252331066178158
0.0394362192600965
0.985621971311048
0.132850762456656
0.176190732279792
0.482794810784981
0.636085043894127
0.98697907011956
0.0995346868876368
0.693682791898027
0.00130870216526091
0.767425935715437
0.319979545660317
0.958012844901532
0.195397579343989
0.837633915245533
0.487466250779107
0.110336999408901
0.351363018387929
0.761063036741689
0.389664843678474
0.456514003686607
0.107344255782664
0.96267491672188
0.98809686047025
0.403830465860665
0.8675410610158
0.0633672026451677
0.684059909544885
0.688581784488633
0.313977964222431
0.638519269414246
0.641236283117905
0.492968466598541
0.85600041016005
0.145358433481306
0.421321350615472
0.200758592458442
0.978873958578333
0.494963203789666
0.374467406189069
0.850390610285103
0.694400861859322
0.357758125755936
0.373604502528906
0.191754386061803
0.782491336576641
0.0034234169870615
0.931021893862635
0.6894351253286
0.252752172295004
0.66543426644057
0.476809310959652
0.90476514887996
0.305509669007733
0.928774238796905
0.261077661532909
0.443122950615361
0.707644816720858
0.90294456621632
0.51312311203219
0.500524031696841
0.0497917078901082
0.249390157638118
0.78848105436191
0.198164243018255
0.881092839641497
0.364317789440975
0.269949975656345
0.589974527014419
0.165450582746416
0.489069783128798
0.963383646681905
0.579602931626141
0.790797899011523
0.578846201533452
0.5418746387586
0.762571681989357
0.14225535094738
0.392356743570417
0.803708267631009
0.949011889286339
0.0384521854575723
0.669195901369676
0.163083263440058
0.116329792654142
0.132423071190715
0.391024509677663
0.215743341250345
0.697031957563013
0.157126849517226
0.340515983756632
0.333124973345548
0.634950957261026
0.405708214500919
0.667999491561204
0.995076947147027
0.903794138692319
0.340299978852272
0.257298679091036
0.32218851428479
0.493265829980373
0.0189237231388688
0.285121903987601
0.65870851976797
0.129843158181757
0.115849974798039
0.0322310484480113
0.288598927436396
0.577510603936389
0.0385554998647422
0.726268207887188
0.896372553892434
0.73863998032175
0.40522444085218
0.082265533041209
0.423766233725473
0.129306000424549
0.0305686246138066
0.126902880612761
0.357248281361535
0.245515004731715
0.516365171410143
0.567572716856375
0.446571097010747
0.723905587336048
0.336218067677692
0.207526805112138
0.991406903602183
0.00208934582769871
0.934506334830076
0.829913498600945
0.329561635619029
0.730816668597981
0.138862453401089
0.241691851522774
0.710979324299842
0.141487245913595
0.822446630569175
0.382091933861375
0.436216821661219
0.543044418096542
0.100872039562091
0.76522172940895
0.360940523678437
0.917749998159707
0.721831600414589
0.197973089991137
0.181288692401722
0.614368356065825
0.200125614413992
0.908926914678887
0.313809890067205
0.183703208575025
0.921320830471814
0.411859819432721
0.61353494040668
0.0382414520718157
0.854598306585103
0.613105487311259
0.45698271645233
0.260699055157602
0.25347782834433
0.177499170182273
0.646810453850776
0.21770207118243
0.0251821281854063
0.671660660300404
0.0793824885040522
0.015291027026251
0.222480653319508
0.335232141194865
0.0124497117940336
0.155358747346327
0.128281803103164
0.167994907824323
0.920245474437252
0.682476294226944
0.0123655784409493
0.637488722102717
0.828926593298092
0.457386414986104
0.476240052841604
0.704544815467671
0.466410292545334
0.273552160710096
0.00832643290050328
0.0215212337207049
0.233275756239891
0.875836252002046
0.929886920610443
0.40877665579319
0.151565894717351
0.35752257425338
0.374593877699226
0.562581659294665
0.308272848604247
0.778141682501882
0.919105472275987
0.664977765176445
0.30524662300013
0.823105625575408
0.612483564065769
0.518398514483124
0.596523282816634
0.307030328782275
0.644594550831243
0.381917192833498
0.592990425880998
0.794722110731527
0.30028157774359
0.197865870548412
0.507930326741189
0.170140526257455
0.272492176154628
0.623041509650648
0.340880078263581
0.729887678986415
0.226531415712088
0.045410449616611
0.970400784863159
0.783684851136059
0.858537759864703
0.50475732749328
0.741924300091341
0.428083602106199
0.17031731037423
0.865843179402873
0.222979090409353
0.930482589406893
0.835007354617119
0.12560828612186
0.773841744754463
0.844148334348574
0.161432188237086
0.263670830987394
0.970196844777092
0.552650748519227
0.506356541300192
0.684715474257246
0.569403150817379
0.552973549347371
0.268472745781764
0.0717522345948964
0.953601706307381
0.306287311483175
0.193416484864429
0.938178765587509
0.811582763679326
0.56859317375347
0.877904250985011
0.201626980444416
0.522306884406134
0.255934999557212
0.119099755305797
0.854873344767839
0.0513624474406242
0.635360010899603
0.619530056370422
0.18480969639495
0.0570345977321267
0.502499443711713
0.334407418034971
0.724636301631108
0.763134215958416
0.957515199203044
0.245620568282902
0.188956141937524
0.819811799563468
0.351992767071351
0.423106512986124
0.840401654131711
0.479561768006533
0.323073676321656
0.903349773725495
0.927891474682838
0.454096119385213
0.851582851726562
0.877073903568089
0.0485537701752037
0.478952767560259
0.664201692910865
0.632774910889566
0.0779257570393384
0.577928267652169
0.0715024236124009
0.621800144435838
0.528070697095245
0.622687654802576
0.522607206134126
0.66513606486842
0.486953647341579
0.736689918674529
0.896935444092378
0.839323299471289
0.615998433437198
0.132256751414388
0.250446034129709
0.00432369764894247
0.547595356591046
0.0629486246034503
0.303487402386963
0.270392570877448
0.472848410019651
0.0867583286017179
0.125481827650219
0.216575608588755
0.454125667223707
0.887056160252541
0.54099326627329
0.926396886818111
0.241419575409964
0.699339678743854
0.516443978529423
0.649205606197938
0.25824405415915
0.826937670120969
0.259785168338567
0.116315313149244
0.419005291070789
0.902118583908305
0.688230519881472
